"service_id","monday","tuesday","wednesday","thursday","friday","saturday","sunday","start_date","end_date"
26082_D_1046761,0,0,0,0,0,0,1,20240521,20240621
26082_S_1046281,0,0,0,0,0,1,0,20240521,20240621
26082_U_1025280,1,1,1,1,1,0,0,20240521,20240621
12432_D_615971,0,0,0,0,0,0,1,20240521,20240621
12432_S_848980,0,0,0,0,0,1,0,20240521,20240621
12432_U_873013,1,1,1,1,1,0,0,20240521,20240621
12444_D_534285,0,0,0,0,0,0,1,20240521,20240621
12444_S_517260,0,0,0,0,0,1,0,20240521,20240621
12444_U_929192,1,1,1,1,1,0,0,20240521,20240621
23432_D_1024996,0,0,0,0,0,0,1,20240521,20240621
23432_S_1024597,0,0,0,0,0,1,0,20240521,20240621
23432_U_1029561,1,1,1,1,1,0,0,20240521,20240621
77825_D_1040230,0,0,0,0,0,0,1,20240521,20240621
77825_S_1040203,0,0,0,0,0,1,0,20240521,20240621
54164_U_1037312,1,1,1,1,1,0,0,20240521,20240621
19911_D_1046731,0,0,0,0,0,0,1,20240521,20240621
19911_S_1046285,0,0,0,0,0,1,0,20240521,20240621
19911_U_1047138,1,1,1,1,1,0,0,20240521,20240621
25841_D_1046770,0,0,0,0,0,0,1,20240521,20240621
25841_S_1046289,0,0,0,0,0,1,0,20240521,20240621
25841_U_1047145,1,1,1,1,1,0,0,20240521,20240621
37539_D_1046870,0,0,0,0,0,0,1,20240521,20240621
37539_S_1046291,0,0,0,0,0,1,0,20240521,20240621
37539_U_1047147,1,1,1,1,1,0,0,20240521,20240621
12486_S_996092,0,0,0,0,0,1,0,20240521,20240621
12486_U_1047160,1,1,1,1,1,0,0,20240521,20240621
25537_D_1046734,0,0,0,0,0,0,1,20240521,20240621
25538_D_1046734,0,0,0,0,0,0,1,20240521,20240621
25538_S_1046288,0,0,0,0,0,1,0,20240521,20240621
25537_S_1046288,0,0,0,0,0,1,0,20240521,20240621
25537_U_1047144,1,1,1,1,1,0,0,20240521,20240621
63978_S_942136,0,0,0,0,0,1,0,20240521,20240621
63978_U_1025304,1,1,1,1,1,0,0,20240521,20240621
12495_S_942133,0,0,0,0,0,1,0,20240521,20240621
12495_U_1025291,1,1,1,1,1,0,0,20240521,20240621
28689_D_1046726,0,0,0,0,0,0,1,20240521,20240621
28689_S_1046280,0,0,0,0,0,1,0,20240521,20240621
28689_U_1025279,1,1,1,1,1,0,0,20240521,20240621
25845_D_1046819,0,0,0,0,0,0,1,20240521,20240621
25845_S_1046302,0,0,0,0,0,1,0,20240521,20240621
25845_U_1047156,1,1,1,1,1,0,0,20240521,20240621
12503_D_1046740,0,0,0,0,0,0,1,20240521,20240621
12503_S_1046294,0,0,0,0,0,1,0,20240521,20240621
12503_U_1047150,1,1,1,1,1,0,0,20240521,20240621
53432_D_879016,0,0,0,0,0,0,1,20240521,20240621
53432_S_942139,0,0,0,0,0,1,0,20240521,20240621
53432_U_1032648,1,1,1,1,1,0,0,20240521,20240621
12515_D_879042,0,0,0,0,0,0,1,20240521,20240621
12515_S_942140,0,0,0,0,0,1,0,20240521,20240621
12515_U_1032649,1,1,1,1,1,0,0,20240521,20240621
62779_D_879029,0,0,0,0,0,0,1,20240521,20240621
62779_S_942099,0,0,0,0,0,1,0,20240521,20240621
62779_U_1032650,1,1,1,1,1,0,0,20240521,20240621
12521_D_839683,0,0,0,0,0,0,1,20240521,20240621
12521_S_839499,0,0,0,0,0,1,0,20240521,20240621
12521_U_989951,1,1,1,1,1,0,0,20240521,20240621
12522_D_1046762,0,0,0,0,0,0,1,20240521,20240621
12522_S_1046282,0,0,0,0,0,1,0,20240521,20240621
12522_U_1025282,1,1,1,1,1,0,0,20240521,20240621
12550_D_1046876,0,0,0,0,0,0,1,20240521,20240621
12550_S_1046298,0,0,0,0,0,1,0,20240521,20240621
12550_U_1026533,1,1,1,1,1,0,0,20240521,20240621
24922_D_1046970,0,0,0,0,0,0,1,20240521,20240621
24922_S_1046300,0,0,0,0,0,1,0,20240521,20240621
24922_U_1047154,1,1,1,1,1,0,0,20240521,20240621
62370_D_958620,0,0,0,0,0,0,1,20240521,20240621
62370_S_1036056,0,0,0,0,0,1,0,20240521,20240621
62370_U_1047161,1,1,1,1,1,0,0,20240521,20240621
62368_D_879034,0,0,0,0,0,0,1,20240521,20240621
62368_S_878902,0,0,0,0,0,1,0,20240521,20240621
62368_U_1047293,1,1,1,1,1,0,0,20240521,20240621
56711_D_1046801,0,0,0,0,0,0,1,20240521,20240621
54740_D_1046801,0,0,0,0,0,0,1,20240521,20240621
56711_S_1046292,0,0,0,0,0,1,0,20240521,20240621
54740_S_1046292,0,0,0,0,0,1,0,20240521,20240621
54740_U_1047148,1,1,1,1,1,0,0,20240521,20240621
62366_D_1036314,0,0,0,0,0,0,1,20240521,20240621
62366_S_1036036,0,0,0,0,0,1,0,20240521,20240621
62366_U_1007913,1,1,1,1,1,0,0,20240521,20240621
12607_D_1046736,0,0,0,0,0,0,1,20240521,20240621
12607_S_1046290,0,0,0,0,0,1,0,20240521,20240621
12607_U_1047146,1,1,1,1,1,0,0,20240521,20240621
45485_D_839684,0,0,0,0,0,0,1,20240521,20240621
45485_S_845711,0,0,0,0,0,1,0,20240521,20240621
45485_U_976872,1,1,1,1,1,0,0,20240521,20240621
69191_D_1047088,0,0,0,0,0,0,1,20240521,20240621
69191_S_1046303,0,0,0,0,0,1,0,20240521,20240621
69891_S_1046303,0,0,0,0,0,1,0,20240521,20240621
69191_U_1047157,1,1,1,1,1,0,0,20240521,20240621
25494_U_1047162,1,1,1,1,1,0,0,20240521,20240621
74335_U_1021233,1,1,1,1,1,0,0,20240521,20240621
12671_S_1009953,0,0,0,0,0,1,0,20240521,20240621
12671_U_1051387,1,1,1,1,1,0,0,20240521,20240621
62369_D_1046908,0,0,0,0,0,0,1,20240521,20240621
62369_S_1046299,0,0,0,0,0,1,0,20240521,20240621
62369_U_1047153,1,1,1,1,1,0,0,20240521,20240621
27472_D_839687,0,0,0,0,0,0,1,20240521,20240621
42081_D_839687,0,0,0,0,0,0,1,20240521,20240621
42081_S_839489,0,0,0,0,0,1,0,20240521,20240621
42081_U_1004790,1,1,1,1,1,0,0,20240521,20240621
12724_D_1046721,0,0,0,0,0,0,1,20240521,20240621
12724_S_1046274,0,0,0,0,0,1,0,20240521,20240621
12724_U_1025272,1,1,1,1,1,0,0,20240521,20240621
44119_D_845548,0,0,0,0,0,0,1,20240521,20240621
44119_S_974411,0,0,0,0,0,1,0,20240521,20240621
44119_U_974857,1,1,1,1,1,0,0,20240521,20240621
12730_D_879020,0,0,0,0,0,0,1,20240521,20240621
12730_S_942101,0,0,0,0,0,1,0,20240521,20240621
12730_U_1032652,1,1,1,1,1,0,0,20240521,20240621
12731_D_879049,0,0,0,0,0,0,1,20240521,20240621
12731_S_942088,0,0,0,0,0,1,0,20240521,20240621
12731_U_1032653,1,1,1,1,1,0,0,20240521,20240621
25492_D_833777,0,0,0,0,0,0,1,20240521,20240621
25492_S_907020,0,0,0,0,0,1,0,20240521,20240621
25492_U_957489,1,1,1,1,1,0,0,20240521,20240621
35690_D_1046741,0,0,0,0,0,0,1,20240521,20240621
35690_S_1046295,0,0,0,0,0,1,0,20240521,20240621
35690_U_1047151,1,1,1,1,1,0,0,20240521,20240621
54165_S_1036035,0,0,0,0,0,1,0,20240521,20240621
54165_U_1007912,1,1,1,1,1,0,0,20240521,20240621
57899_D_907906,0,0,0,0,0,0,1,20240521,20240621
57899_S_942134,0,0,0,0,0,1,0,20240521,20240621
57899_U_1025292,1,1,1,1,1,0,0,20240521,20240621
57900_D_1046848,0,0,0,0,0,0,1,20240521,20240621
57900_S_1046293,0,0,0,0,0,1,0,20240521,20240621
57900_U_1047149,1,1,1,1,1,0,0,20240521,20240621
12846_U_1047165,1,1,1,1,1,0,0,20240521,20240621
26091_U_1025281,1,1,1,1,1,0,0,20240521,20240621
57892_U_1025283,1,1,1,1,1,0,0,20240521,20240621
25391_D_845564,0,0,0,0,0,0,1,20240521,20240621
25391_S_974511,0,0,0,0,0,1,0,20240521,20240621
25391_U_974868,1,1,1,1,1,0,0,20240521,20240621
38638_D_1046842,0,0,0,0,0,0,1,20240521,20240621
38638_S_1046287,0,0,0,0,0,1,0,20240521,20240621
38638_U_1047140,1,1,1,1,1,0,0,20240521,20240621
15365_D_702456,0,0,0,0,0,0,1,20240521,20240621
15365_S_939312,0,0,0,0,0,1,0,20240521,20240621
15365_U_974726,1,1,1,1,1,0,0,20240521,20240621
23217_D_845582,0,0,0,0,0,0,1,20240521,20240621
23217_S_974418,0,0,0,0,0,1,0,20240521,20240621
23217_U_974885,1,1,1,1,1,0,0,20240521,20240621
23214_D_845602,0,0,0,0,0,0,1,20240521,20240621
23214_S_974495,0,0,0,0,0,1,0,20240521,20240621
44228_U_1050941,1,1,1,1,1,0,0,20240521,20240621
77962_D_702503,0,0,0,0,0,0,1,20240521,20240621
77962_S_939314,0,0,0,0,0,1,0,20240521,20240621
56118_U_861389,1,1,1,1,1,0,0,20240521,20240621
21085_D_1040229,0,0,0,0,0,0,1,20240521,20240621
21085_S_1040202,0,0,0,0,0,1,0,20240521,20240621
21085_U_1037311,1,1,1,1,1,0,0,20240521,20240621
21342_D_1046764,0,0,0,0,0,0,1,20240521,20240621
21342_S_1046284,0,0,0,0,0,1,0,20240521,20240621
21342_U_1047137,1,1,1,1,1,0,0,20240521,20240621
28231_D_845592,0,0,0,0,0,0,1,20240521,20240621
28231_S_974419,0,0,0,0,0,1,0,20240521,20240621
28231_U_974896,1,1,1,1,1,0,0,20240521,20240621
37216_U_873014,1,1,1,1,1,0,0,20240521,20240621
38029_D_845671,0,0,0,0,0,0,1,20240521,20240621
38029_S_974426,0,0,0,0,0,1,0,20240521,20240621
38029_U_957165,1,1,1,1,1,0,0,20240521,20240621
42494_D_913861,0,0,0,0,0,0,1,20240521,20240621
42494_S_910972,0,0,0,0,0,1,0,20240521,20240621
42494_U_1026530,1,1,1,1,1,0,0,20240521,20240621
26049_D_613517,0,0,0,0,0,0,1,20240521,20240621
26049_S_613443,0,0,0,0,0,1,0,20240521,20240621
26049_U_1025311,1,1,1,1,1,0,0,20240521,20240621
68385_D_891209,0,0,0,0,0,0,1,20240521,20240621
68385_S_891173,0,0,0,0,0,1,0,20240521,20240621
68385_U_908895,1,1,1,1,1,0,0,20240521,20240621
28232_U_974904,1,1,1,1,1,0,0,20240521,20240621
36186_D_907930,0,0,0,0,0,0,1,20240521,20240621
36186_S_942178,0,0,0,0,0,1,0,20240521,20240621
25799_U_1025307,1,1,1,1,1,0,0,20240521,20240621
64709_S_517310,0,0,0,0,0,1,0,20240521,20240621
64709_U_846615,1,1,1,1,1,0,0,20240521,20240621
44116_D_845510,0,0,0,0,0,0,1,20240521,20240621
44116_S_974408,0,0,0,0,0,1,0,20240521,20240621
44116_U_974709,1,1,1,1,1,0,0,20240521,20240621
44117_D_845527,0,0,0,0,0,0,1,20240521,20240621
44117_S_974409,0,0,0,0,0,1,0,20240521,20240621
44117_U_974719,1,1,1,1,1,0,0,20240521,20240621
51591_D_845559,0,0,0,0,0,0,1,20240521,20240621
51591_S_974412,0,0,0,0,0,1,0,20240521,20240621
51591_U_974862,1,1,1,1,1,0,0,20240521,20240621
37232_U_1047166,1,1,1,1,1,0,0,20240521,20240621
56989_D_727084,0,0,0,0,0,0,1,20240521,20240621
56989_S_939318,0,0,0,0,0,1,0,20240521,20240621
56989_U_929194,1,1,1,1,1,0,0,20240521,20240621
42607_D_1046971,0,0,0,0,0,0,1,20240521,20240621
42607_S_1046301,0,0,0,0,0,1,0,20240521,20240621
42607_U_1047155,1,1,1,1,1,0,0,20240521,20240621
47389_D_673852,0,0,0,0,0,0,1,20240521,20240621
47389_S_942076,0,0,0,0,0,1,0,20240521,20240621
47389_U_1047114,1,1,1,1,1,0,0,20240521,20240621
40298_D_673857,0,0,0,0,0,0,1,20240521,20240621
40298_S_942078,0,0,0,0,0,1,0,20240521,20240621
40298_U_1047116,1,1,1,1,1,0,0,20240521,20240621
40300_D_673856,0,0,0,0,0,0,1,20240521,20240621
40300_S_942117,0,0,0,0,0,1,0,20240521,20240621
40300_U_1047115,1,1,1,1,1,0,0,20240521,20240621
44126_D_845650,0,0,0,0,0,0,1,20240521,20240621
44126_S_974424,0,0,0,0,0,1,0,20240521,20240621
44126_U_975087,1,1,1,1,1,0,0,20240521,20240621
44123_D_845616,0,0,0,0,0,0,1,20240521,20240621
44123_S_974421,0,0,0,0,0,1,0,20240521,20240621
44123_U_974957,1,1,1,1,1,0,0,20240521,20240621
43083_D_845641,0,0,0,0,0,0,1,20240521,20240621
43083_S_974423,0,0,0,0,0,1,0,20240521,20240621
43083_U_974992,1,1,1,1,1,0,0,20240521,20240621
44125_D_839690,0,0,0,0,0,0,1,20240521,20240621
44125_S_939316,0,0,0,0,0,1,0,20240521,20240621
44125_U_894797,1,1,1,1,1,0,0,20240521,20240621
42746_D_839688,0,0,0,0,0,0,1,20240521,20240621
42746_S_839490,0,0,0,0,0,1,0,20240521,20240621
42746_U_1004791,1,1,1,1,1,0,0,20240521,20240621
71555_D_925449,0,0,0,0,0,0,1,20240521,20240621
71555_S_925429,0,0,0,0,0,1,0,20240521,20240621
45546_S_925429,0,0,0,0,0,1,0,20240521,20240621
45546_U_941063,1,1,1,1,1,0,0,20240521,20240621
56954_S_1046273,0,0,0,0,0,1,0,20240521,20240621
56954_U_983826,1,1,1,1,1,0,0,20240521,20240621
47577_S_910974,0,0,0,0,0,1,0,20240521,20240621
47577_U_983833,1,1,1,1,1,0,0,20240521,20240621
54651_D_911012,0,0,0,0,0,0,1,20240521,20240621
54651_S_910961,0,0,0,0,0,1,0,20240521,20240621
47874_U_1015936,1,1,1,1,1,0,0,20240521,20240621
54652_D_911013,0,0,0,0,0,0,1,20240521,20240621
54652_S_910970,0,0,0,0,0,1,0,20240521,20240621
47875_U_1015937,1,1,1,1,1,0,0,20240521,20240621
48110_U_957490,1,1,1,1,1,0,0,20240521,20240621
75276_D_702434,0,0,0,0,0,0,1,20240521,20240621
75276_S_910963,0,0,0,0,0,1,0,20240521,20240621
54162_U_1036538,1,1,1,1,1,0,0,20240521,20240621
62358_D_970443,0,0,0,0,0,0,1,20240521,20240621
62358_S_970330,0,0,0,0,0,1,0,20240521,20240621
75837_U_1021234,1,1,1,1,1,0,0,20240521,20240621
53828_D_790842,0,0,0,0,0,0,1,20240521,20240621
53828_S_790038,0,0,0,0,0,1,0,20240521,20240621
53828_U_852123,1,1,1,1,1,0,0,20240521,20240621
76128_D_1046723,0,0,0,0,0,0,1,20240521,20240621
73118_D_1046723,0,0,0,0,0,0,1,20240521,20240621
76128_S_1046277,0,0,0,0,0,1,0,20240521,20240621
76128_U_1025750,1,1,1,1,1,0,0,20240521,20240621
50576_D_845628,0,0,0,0,0,0,1,20240521,20240621
50576_S_974485,0,0,0,0,0,1,0,20240521,20240621
50576_U_974969,1,1,1,1,1,0,0,20240521,20240621
50793_D_942227,0,0,0,0,0,0,1,20240521,20240621
50793_S_1013752,0,0,0,0,0,1,0,20240521,20240621
50793_U_1011395,1,1,1,1,1,0,0,20240521,20240621
53071_D_1014775,0,0,0,0,0,0,1,20240521,20240621
53071_S_1021163,0,0,0,0,0,1,0,20240521,20240621
50785_U_1017862,1,1,1,1,1,0,0,20240521,20240621
50786_D_849172,0,0,0,0,0,0,1,20240521,20240621
50786_S_1021169,0,0,0,0,0,1,0,20240521,20240621
50786_U_1047111,1,1,1,1,1,0,0,20240521,20240621
61123_D_1046719,0,0,0,0,0,0,1,20240521,20240621
61123_S_848964,0,0,0,0,0,1,0,20240521,20240621
61123_U_1047112,1,1,1,1,1,0,0,20240521,20240621
51590_D_845685,0,0,0,0,0,0,1,20240521,20240621
51590_S_974499,0,0,0,0,0,1,0,20240521,20240621
51590_U_957166,1,1,1,1,1,0,0,20240521,20240621
53413_D_1021218,0,0,0,0,0,0,1,20240521,20240621
53413_S_1021166,0,0,0,0,0,1,0,20240521,20240621
53413_U_1032645,1,1,1,1,1,0,0,20240521,20240621
78524_D_1040228,0,0,0,0,0,0,1,20240521,20240621
77544_S_1040200,0,0,0,0,0,1,0,20240521,20240621
78524_U_1037308,1,1,1,1,1,0,0,20240521,20240621
56713_D_1046722,0,0,0,0,0,0,1,20240521,20240621
56713_S_1046275,0,0,0,0,0,1,0,20240521,20240621
53298_U_983834,1,1,1,1,1,0,0,20240521,20240621
53299_D_1046725,0,0,0,0,0,0,1,20240521,20240621
53299_S_1046279,0,0,0,0,0,1,0,20240521,20240621
53299_U_983829,1,1,1,1,1,0,0,20240521,20240621
53715_D_839691,0,0,0,0,0,0,1,20240521,20240621
53715_S_939317,0,0,0,0,0,1,0,20240521,20240621
53715_U_894798,1,1,1,1,1,0,0,20240521,20240621
75278_D_727064,0,0,0,0,0,0,1,20240521,20240621
75278_S_939303,0,0,0,0,0,1,0,20240521,20240621
53786_U_760735,1,1,1,1,1,0,0,20240521,20240621
53790_D_702431,0,0,0,0,0,0,1,20240521,20240621
53790_S_939305,0,0,0,0,0,1,0,20240521,20240621
53790_U_738302,1,1,1,1,1,0,0,20240521,20240621
53974_D_879014,0,0,0,0,0,0,1,20240521,20240621
53974_S_942094,0,0,0,0,0,1,0,20240521,20240621
53974_U_1017865,1,1,1,1,1,0,0,20240521,20240621
54458_U_1013582,1,1,1,1,1,0,0,20240521,20240621
60439_D_839648,0,0,0,0,0,0,1,20240521,20240621
60439_S_939308,0,0,0,0,0,1,0,20240521,20240621
60439_U_837193,1,1,1,1,1,0,0,20240521,20240621
53795_D_869119,0,0,0,0,0,0,1,20240521,20240621
53795_S_945257,0,0,0,0,0,1,0,20240521,20240621
53795_U_1047117,1,1,1,1,1,0,0,20240521,20240621
53796_S_842434,0,0,0,0,0,1,0,20240521,20240621
53796_U_808405,1,1,1,1,1,0,0,20240521,20240621
53797_S_842440,0,0,0,0,0,1,0,20240521,20240621
53797_U_808407,1,1,1,1,1,0,0,20240521,20240621
54757_D_869124,0,0,0,0,0,0,1,20240521,20240621
54757_S_886097,0,0,0,0,0,1,0,20240521,20240621
54757_U_1047124,1,1,1,1,1,0,0,20240521,20240621
66563_D_803917,0,0,0,0,0,0,1,20240521,20240621
66563_S_939310,0,0,0,0,0,1,0,20240521,20240621
66563_U_1029557,1,1,1,1,1,0,0,20240521,20240621
53804_D_869128,0,0,0,0,0,0,1,20240521,20240621
53804_S_886094,0,0,0,0,0,1,0,20240521,20240621
53804_U_1047128,1,1,1,1,1,0,0,20240521,20240621
66562_D_869127,0,0,0,0,0,0,1,20240521,20240621
66562_S_886103,0,0,0,0,0,1,0,20240521,20240621
66562_U_1047127,1,1,1,1,1,0,0,20240521,20240621
54011_D_702432,0,0,0,0,0,0,1,20240521,20240621
54011_S_939306,0,0,0,0,0,1,0,20240521,20240621
54011_U_738305,1,1,1,1,1,0,0,20240521,20240621
54012_D_702433,0,0,0,0,0,0,1,20240521,20240621
54012_S_939307,0,0,0,0,0,1,0,20240521,20240621
54012_U_738308,1,1,1,1,1,0,0,20240521,20240621
53953_D_869132,0,0,0,0,0,0,1,20240521,20240621
53953_S_842433,0,0,0,0,0,1,0,20240521,20240621
53953_U_983828,1,1,1,1,1,0,0,20240521,20240621
53956_D_869133,0,0,0,0,0,0,1,20240521,20240621
53956_S_886119,0,0,0,0,0,1,0,20240521,20240621
53956_U_1047119,1,1,1,1,1,0,0,20240521,20240621
54006_D_869123,0,0,0,0,0,0,1,20240521,20240621
54006_S_842436,0,0,0,0,0,1,0,20240521,20240621
54006_U_808406,1,1,1,1,1,0,0,20240521,20240621
53970_D_869129,0,0,0,0,0,0,1,20240521,20240621
53970_S_886118,0,0,0,0,0,1,0,20240521,20240621
53970_U_983832,1,1,1,1,1,0,0,20240521,20240621
53971_D_869130,0,0,0,0,0,0,1,20240521,20240621
53971_S_886122,0,0,0,0,0,1,0,20240521,20240621
53971_U_1047130,1,1,1,1,1,0,0,20240521,20240621
62371_D_845660,0,0,0,0,0,0,1,20240521,20240621
62371_S_974476,0,0,0,0,0,1,0,20240521,20240621
62371_U_975028,1,1,1,1,1,0,0,20240521,20240621
58695_D_869125,0,0,0,0,0,0,1,20240521,20240621
58695_S_886117,0,0,0,0,0,1,0,20240521,20240621
58695_U_983831,1,1,1,1,1,0,0,20240521,20240621
54783_D_869126,0,0,0,0,0,0,1,20240521,20240621
54783_S_886121,0,0,0,0,0,1,0,20240521,20240621
54783_U_1047126,1,1,1,1,1,0,0,20240521,20240621
55091_U_1008484,1,1,1,1,1,0,0,20240521,20240621
58806_U_975081,1,1,1,1,1,0,0,20240521,20240621
62360_D_1040233,0,0,0,0,0,0,1,20240521,20240621
62360_S_1040201,0,0,0,0,0,1,0,20240521,20240621
62360_U_1037309,1,1,1,1,1,0,0,20240521,20240621
62362_S_1046276,0,0,0,0,0,1,0,20240521,20240621
62362_U_1037310,1,1,1,1,1,0,0,20240521,20240621
56998_D_913860,0,0,0,0,0,0,1,20240521,20240621
56998_S_910971,0,0,0,0,0,1,0,20240521,20240621
56998_U_1026527,1,1,1,1,1,0,0,20240521,20240621
58916_D_869120,0,0,0,0,0,0,1,20240521,20240621
58916_S_886096,0,0,0,0,0,1,0,20240521,20240621
58916_U_1047120,1,1,1,1,1,0,0,20240521,20240621
57056_D_901464,0,0,0,0,0,0,1,20240521,20240621
57056_S_901222,0,0,0,0,0,1,0,20240521,20240621
57056_U_898401,1,1,1,1,1,0,0,20240521,20240621
61183_D_869121,0,0,0,0,0,0,1,20240521,20240621
61183_S_886101,0,0,0,0,0,1,0,20240521,20240621
61183_U_983830,1,1,1,1,1,0,0,20240521,20240621
58919_D_869122,0,0,0,0,0,0,1,20240521,20240621
58919_S_886120,0,0,0,0,0,1,0,20240521,20240621
58919_U_1047122,1,1,1,1,1,0,0,20240521,20240621
57396_U_857945,1,1,1,1,1,0,0,20240521,20240621
57790_U_681167,1,1,1,1,1,0,0,20240521,20240621
57991_S_1021168,0,0,0,0,0,1,0,20240521,20240621
57991_U_1017863,1,1,1,1,1,0,0,20240521,20240621
58178_U_1036540,1,1,1,1,1,0,0,20240521,20240621
58346_U_1011396,1,1,1,1,1,0,0,20240521,20240621
58400_D_790844,0,0,0,0,0,0,1,20240521,20240621
58400_S_790040,0,0,0,0,0,1,0,20240521,20240621
58400_U_1037306,1,1,1,1,1,0,0,20240521,20240621
58401_D_790845,0,0,0,0,0,0,1,20240521,20240621
58401_S_790039,0,0,0,0,0,1,0,20240521,20240621
58401_U_1037307,1,1,1,1,1,0,0,20240521,20240621
58649_D_733532,0,0,0,0,0,0,1,20240521,20240621
58649_S_942127,0,0,0,0,0,1,0,20240521,20240621
58649_U_950049,1,1,1,1,1,0,0,20240521,20240621
58703_U_950051,1,1,1,1,1,0,0,20240521,20240621
60650_U_1026532,1,1,1,1,1,0,0,20240521,20240621
60717_S_939309,0,0,0,0,0,1,0,20240521,20240621
60717_U_837194,1,1,1,1,1,0,0,20240521,20240621
68083_D_911015,0,0,0,0,0,0,1,20240521,20240621
68083_S_910965,0,0,0,0,0,1,0,20240521,20240621
68083_U_1047141,1,1,1,1,1,0,0,20240521,20240621
64129_D_1046824,0,0,0,0,0,0,1,20240521,20240621
64129_S_1046296,0,0,0,0,0,1,0,20240521,20240621
64129_U_1026524,1,1,1,1,1,0,0,20240521,20240621
64153_U_1026525,1,1,1,1,1,0,0,20240521,20240621
64967_D_879026,0,0,0,0,0,0,1,20240521,20240621
64967_S_942080,0,0,0,0,0,1,0,20240521,20240621
64967_U_1007908,1,1,1,1,1,0,0,20240521,20240621
64966_D_898377,0,0,0,0,0,0,1,20240521,20240621
64966_S_942085,0,0,0,0,0,1,0,20240521,20240621
64966_U_1032651,1,1,1,1,1,0,0,20240521,20240621
64968_D_879033,0,0,0,0,0,0,1,20240521,20240621
64968_S_878901,0,0,0,0,0,1,0,20240521,20240621
64968_U_1047136,1,1,1,1,1,0,0,20240521,20240621
65525_U_1004792,1,1,1,1,1,0,0,20240521,20240621
67946_U_1026526,1,1,1,1,1,0,0,20240521,20240621
67948_U_1033031,1,1,1,1,1,0,0,20240521,20240621
68562_U_1047142,1,1,1,1,1,0,0,20240521,20240621
68742_U_1026534,1,1,1,1,1,0,0,20240521,20240621
69127_D_958622,0,0,0,0,0,0,1,20240521,20240621
69127_S_1036057,0,0,0,0,0,1,0,20240521,20240621
69127_U_1047163,1,1,1,1,1,0,0,20240521,20240621
69133_D_958623,0,0,0,0,0,0,1,20240521,20240621
69133_S_996095,0,0,0,0,0,1,0,20240521,20240621
69133_U_1047167,1,1,1,1,1,0,0,20240521,20240621
71213_D_928339,0,0,0,0,0,0,1,20240521,20240621
71213_S_931507,0,0,0,0,0,1,0,20240521,20240621
71213_U_928586,1,1,1,1,1,0,0,20240521,20240621
69168_U_928588,1,1,1,1,1,0,0,20240521,20240621
70209_D_907899,0,0,0,0,0,0,1,20240521,20240621
70209_S_939311,0,0,0,0,0,1,0,20240521,20240621
70209_U_1029560,1,1,1,1,1,0,0,20240521,20240621
69750_D_961981,0,0,0,0,0,0,1,20240521,20240621
69750_S_1009955,0,0,0,0,0,1,0,20240521,20240621
69750_U_1051385,1,1,1,1,1,0,0,20240521,20240621
69749_D_961980,0,0,0,0,0,0,1,20240521,20240621
69749_S_1009954,0,0,0,0,0,1,0,20240521,20240621
69749_U_1051388,1,1,1,1,1,0,0,20240521,20240621
77823_D_1040231,0,0,0,0,0,0,1,20240521,20240621
77823_S_1040204,0,0,0,0,0,1,0,20240521,20240621
77545_U_1037315,1,1,1,1,1,0,0,20240521,20240621
69696_D_1036319,0,0,0,0,0,0,1,20240521,20240621
69696_S_1036041,0,0,0,0,0,1,0,20240521,20240621
69696_U_1007914,1,1,1,1,1,0,0,20240521,20240621
77507_D_1040232,0,0,0,0,0,0,1,20240521,20240621
77507_S_1040205,0,0,0,0,0,1,0,20240521,20240621
77507_U_1037316,1,1,1,1,1,0,0,20240521,20240621
72048_D_1046786,0,0,0,0,0,0,1,20240521,20240621
72048_S_1046304,0,0,0,0,0,1,0,20240521,20240621
72048_U_1047168,1,1,1,1,1,0,0,20240521,20240621
70626_D_1046853,0,0,0,0,0,0,1,20240521,20240621
70626_S_1046305,0,0,0,0,0,1,0,20240521,20240621
70626_U_1047169,1,1,1,1,1,0,0,20240521,20240621
70627_D_1046884,0,0,0,0,0,0,1,20240521,20240621
70627_S_1046306,0,0,0,0,0,1,0,20240521,20240621
70627_U_1047170,1,1,1,1,1,0,0,20240521,20240621
77162_D_1047079,0,0,0,0,0,0,1,20240521,20240621
77162_S_1046307,0,0,0,0,0,1,0,20240521,20240621
77162_U_1047171,1,1,1,1,1,0,0,20240521,20240621
70630_D_1046886,0,0,0,0,0,0,1,20240521,20240621
70630_S_1046308,0,0,0,0,0,1,0,20240521,20240621
70630_U_1047172,1,1,1,1,1,0,0,20240521,20240621
70631_D_1046918,0,0,0,0,0,0,1,20240521,20240621
70631_S_1046309,0,0,0,0,0,1,0,20240521,20240621
70631_U_1047173,1,1,1,1,1,0,0,20240521,20240621
72049_D_1046919,0,0,0,0,0,0,1,20240521,20240621
72049_S_1046310,0,0,0,0,0,1,0,20240521,20240621
72049_U_1047174,1,1,1,1,1,0,0,20240521,20240621
78528_U_1047143,1,1,1,1,1,0,0,20240521,20240621
73046_U_1051386,1,1,1,1,1,0,0,20240521,20240621
73489_D_981852,0,0,0,0,0,0,1,20240521,20240621
73489_S_981850,0,0,0,0,0,1,0,20240521,20240621
73489_U_1032654,1,1,1,1,1,0,0,20240521,20240621
73959_D_1046888,0,0,0,0,0,0,1,20240521,20240621
73959_S_1046311,0,0,0,0,0,1,0,20240521,20240621
73959_U_1047175,1,1,1,1,1,0,0,20240521,20240621
73957_D_1047011,0,0,0,0,0,0,1,20240521,20240621
73957_S_1046312,0,0,0,0,0,1,0,20240521,20240621
73957_U_1047177,1,1,1,1,1,0,0,20240521,20240621
73958_D_1047039,0,0,0,0,0,0,1,20240521,20240621
73958_S_1046313,0,0,0,0,0,1,0,20240521,20240621
73958_U_1047178,1,1,1,1,1,0,0,20240521,20240621
74304_D_1046862,0,0,0,0,0,0,1,20240521,20240621
74304_S_1046314,0,0,0,0,0,1,0,20240521,20240621
74304_U_1047179,1,1,1,1,1,0,0,20240521,20240621
73956_D_1046806,0,0,0,0,0,0,1,20240521,20240621
73956_S_1046315,0,0,0,0,0,1,0,20240521,20240621
73956_U_1047181,1,1,1,1,1,0,0,20240521,20240621
75272_D_1046925,0,0,0,0,0,0,1,20240521,20240621
75272_S_1046316,0,0,0,0,0,1,0,20240521,20240621
75272_U_1047182,1,1,1,1,1,0,0,20240521,20240621
75519_U_1050940,1,1,1,1,1,0,0,20240521,20240621
77123_D_1046773,0,0,0,0,0,0,1,20240521,20240621
77123_S_1046317,0,0,0,0,0,1,0,20240521,20240621
77123_U_1047183,1,1,1,1,1,0,0,20240521,20240621
78190_D_1046894,0,0,0,0,0,0,1,20240521,20240621
78190_S_1046318,0,0,0,0,0,1,0,20240521,20240621
78190_U_1047184,1,1,1,1,1,0,0,20240521,20240621
75563_U_1032646,1,1,1,1,1,0,0,20240521,20240621
76343_D_1046875,0,0,0,0,0,0,1,20240521,20240621
76343_S_1046297,0,0,0,0,0,1,0,20240521,20240621
76343_U_1047152,1,1,1,1,1,0,0,20240521,20240621
76335_U_1036539,1,1,1,1,1,0,0,20240521,20240621
76336_D_1046763,0,0,0,0,0,0,1,20240521,20240621
76336_S_1046283,0,0,0,0,0,1,0,20240521,20240621
76336_U_1025284,1,1,1,1,1,0,0,20240521,20240621
76339_U_1025285,1,1,1,1,1,0,0,20240521,20240621
76340_D_1046755,0,0,0,0,0,0,1,20240521,20240621
76340_S_1046286,0,0,0,0,0,1,0,20240521,20240621
76340_U_1047139,1,1,1,1,1,0,0,20240521,20240621
76342_U_1036577,1,1,1,1,1,0,0,20240521,20240621
76549_U_1026529,1,1,1,1,1,0,0,20240521,20240621
77161_U_1047180,1,1,1,1,1,0,0,20240521,20240621
77107_U_1033500,1,1,1,1,1,0,0,20240521,20240621
77315_U_1047176,1,1,1,1,1,0,0,20240521,20240621
77193_U_1032672,1,1,1,1,1,0,0,20240521,20240621
78241_U_1047185,1,1,1,1,1,0,0,20240521,20240621
78319_D_1046758,0,0,0,0,0,0,1,20240521,20240621
78319_S_1046272,0,0,0,0,0,1,0,20240521,20240621
78319_U_1047113,1,1,1,1,1,0,0,20240521,20240621
78320_U_1047200,1,1,1,1,1,0,0,20240521,20240621
78321_U_1047164,1,1,1,1,1,0,0,20240521,20240621
72961_D_983521,0,0,0,0,0,0,1,20240521,20240621
72961_S_983293,0,0,0,0,0,1,0,20240521,20240621
72961_U_1028622,1,1,1,1,1,0,0,20240521,20240621
66586_D_983520,0,0,0,0,0,0,1,20240521,20240621
66586_S_983292,0,0,0,0,0,1,0,20240521,20240621
66586_U_1028621,1,1,1,1,1,0,0,20240521,20240621
28082_D_983529,0,0,0,0,0,0,1,20240521,20240621
28082_S_1050656,0,0,0,0,0,1,0,20240521,20240621
12661_U_993567,1,1,1,1,1,0,0,20240521,20240621
12663_D_983534,0,0,0,0,0,0,1,20240521,20240621
12663_S_1050659,0,0,0,0,0,1,0,20240521,20240621
12663_U_993570,1,1,1,1,1,0,0,20240521,20240621
12680_D_983573,0,0,0,0,0,0,1,20240521,20240621
12680_S_1050671,0,0,0,0,0,1,0,20240521,20240621
12680_U_1044806,1,1,1,1,1,0,0,20240521,20240621
70186_S_1050670,0,0,0,0,0,1,0,20240521,20240621
70186_U_1028626,1,1,1,1,1,0,0,20240521,20240621
43060_D_983574,0,0,0,0,0,0,1,20240521,20240621
43060_S_1050666,0,0,0,0,0,1,0,20240521,20240621
43060_U_1028628,1,1,1,1,1,0,0,20240521,20240621
66587_D_983525,0,0,0,0,0,0,1,20240521,20240621
66587_S_983297,0,0,0,0,0,1,0,20240521,20240621
66587_U_1042311,1,1,1,1,1,0,0,20240521,20240621
77170_D_983584,0,0,0,0,0,0,1,20240521,20240621
77170_S_1050672,0,0,0,0,0,1,0,20240521,20240621
77170_U_1042327,1,1,1,1,1,0,0,20240521,20240621
77130_D_1025896,0,0,0,0,0,0,1,20240521,20240621
77130_S_1025267,0,0,0,0,0,1,0,20240521,20240621
12720_S_1025267,0,0,0,0,0,1,0,20240521,20240621
77130_U_1025820,1,1,1,1,1,0,0,20240521,20240621
45707_S_983286,0,0,0,0,0,1,0,20240521,20240621
45707_U_1033037,1,1,1,1,1,0,0,20240521,20240621
76904_D_983585,0,0,0,0,0,0,1,20240521,20240621
76904_S_983368,0,0,0,0,0,1,0,20240521,20240621
76904_U_983738,1,1,1,1,1,0,0,20240521,20240621
12736_D_983609,0,0,0,0,0,0,1,20240521,20240621
12736_S_983393,0,0,0,0,0,1,0,20240521,20240621
12736_U_983763,1,1,1,1,1,0,0,20240521,20240621
12737_D_983616,0,0,0,0,0,0,1,20240521,20240621
12737_S_983400,0,0,0,0,0,1,0,20240521,20240621
12737_U_983770,1,1,1,1,1,0,0,20240521,20240621
77142_D_1025895,0,0,0,0,0,0,1,20240521,20240621
77142_S_1025268,0,0,0,0,0,1,0,20240521,20240621
77142_U_1025825,1,1,1,1,1,0,0,20240521,20240621
76900_S_996071,0,0,0,0,0,1,0,20240521,20240621
76898_S_996071,0,0,0,0,0,1,0,20240521,20240621
76900_U_993626,1,1,1,1,1,0,0,20240521,20240621
76898_U_993626,1,1,1,1,1,0,0,20240521,20240621
76634_D_983579,0,0,0,0,0,0,1,20240521,20240621
76634_S_983360,0,0,0,0,0,1,0,20240521,20240621
76634_U_993621,1,1,1,1,1,0,0,20240521,20240621
76875_D_983602,0,0,0,0,0,0,1,20240521,20240621
76875_S_983385,0,0,0,0,0,1,0,20240521,20240621
76875_U_993652,1,1,1,1,1,0,0,20240521,20240621
42736_S_983361,0,0,0,0,0,1,0,20240521,20240621
77504_U_1028633,1,1,1,1,1,0,0,20240521,20240621
45786_D_983570,0,0,0,0,0,0,1,20240521,20240621
45786_S_983350,0,0,0,0,0,1,0,20240521,20240621
45786_U_1047369,1,1,1,1,1,0,0,20240521,20240621
62345_U_1016009,1,1,1,1,1,0,0,20240521,20240621
66589_S_983300,0,0,0,0,0,1,0,20240521,20240621
66589_U_1042314,1,1,1,1,1,0,0,20240521,20240621
76917_D_1003784,0,0,0,0,0,0,1,20240521,20240621
76913_D_1003784,0,0,0,0,0,0,1,20240521,20240621
74594_D_1003784,0,0,0,0,0,0,1,20240521,20240621
76913_S_1001840,0,0,0,0,0,1,0,20240521,20240621
76917_S_1001840,0,0,0,0,0,1,0,20240521,20240621
76913_U_994996,1,1,1,1,1,0,0,20240521,20240621
76917_U_994996,1,1,1,1,1,0,0,20240521,20240621
12765_U_1042328,1,1,1,1,1,0,0,20240521,20240621
62011_D_983590,0,0,0,0,0,0,1,20240521,20240621
62011_S_983373,0,0,0,0,0,1,0,20240521,20240621
62011_U_1042329,1,1,1,1,1,0,0,20240521,20240621
36038_D_983593,0,0,0,0,0,0,1,20240521,20240621
36038_S_983376,0,0,0,0,0,1,0,20240521,20240621
36038_U_979922,1,1,1,1,1,0,0,20240521,20240621
55344_D_983594,0,0,0,0,0,0,1,20240521,20240621
55344_S_983377,0,0,0,0,0,1,0,20240521,20240621
55344_U_979923,1,1,1,1,1,0,0,20240521,20240621
77124_D_1025897,0,0,0,0,0,0,1,20240521,20240621
77124_S_1025269,0,0,0,0,0,1,0,20240521,20240621
73797_S_1025269,0,0,0,0,0,1,0,20240521,20240621
77124_U_1025826,1,1,1,1,1,0,0,20240521,20240621
12773_D_983596,0,0,0,0,0,0,1,20240521,20240621
12773_S_983379,0,0,0,0,0,1,0,20240521,20240621
12773_U_993635,1,1,1,1,1,0,0,20240521,20240621
12774_D_983597,0,0,0,0,0,0,1,20240521,20240621
12774_S_983380,0,0,0,0,0,1,0,20240521,20240621
12774_U_983746,1,1,1,1,1,0,0,20240521,20240621
62452_D_1021212,0,0,0,0,0,0,1,20240521,20240621
62452_S_1021124,0,0,0,0,0,1,0,20240521,20240621
62343_U_1016011,1,1,1,1,1,0,0,20240521,20240621
43675_D_1021215,0,0,0,0,0,0,1,20240521,20240621
43675_S_1021127,0,0,0,0,0,1,0,20240521,20240621
43675_U_1016003,1,1,1,1,1,0,0,20240521,20240621
65531_D_983522,0,0,0,0,0,0,1,20240521,20240621
65531_S_983294,0,0,0,0,0,1,0,20240521,20240621
65530_U_1042308,1,1,1,1,1,0,0,20240521,20240621
65531_U_1042308,1,1,1,1,1,0,0,20240521,20240621
12791_D_983528,0,0,0,0,0,0,1,20240521,20240621
12791_S_983304,0,0,0,0,0,1,0,20240521,20240621
12791_U_1042317,1,1,1,1,1,0,0,20240521,20240621
51533_D_983513,0,0,0,0,0,0,1,20240521,20240621
51533_S_983284,0,0,0,0,0,1,0,20240521,20240621
12795_U_130075,1,1,1,1,1,0,0,20240620,20240621
75494_D_983515,0,0,0,0,0,0,1,20240521,20240621
75494_S_983287,0,0,0,0,0,1,0,20240521,20240621
72959_U_1033038,1,1,1,1,1,0,0,20240521,20240621
75494_U_1033038,1,1,1,1,1,0,0,20240521,20240621
12797_D_983516,0,0,0,0,0,0,1,20240521,20240621
12797_S_983288,0,0,0,0,0,1,0,20240521,20240621
12797_U_1028618,1,1,1,1,1,0,0,20240521,20240621
46770_D_983518,0,0,0,0,0,0,1,20240521,20240621
46770_S_983290,0,0,0,0,0,1,0,20240521,20240621
46770_U_1028619,1,1,1,1,1,0,0,20240521,20240621
46769_U_1028619,1,1,1,1,1,0,0,20240521,20240621
12800_D_983571,0,0,0,0,0,0,1,20240521,20240621
12800_S_983351,0,0,0,0,0,1,0,20240521,20240621
12800_U_1047370,1,1,1,1,1,0,0,20240521,20240621
12804_D_983531,0,0,0,0,0,0,1,20240521,20240621
12804_S_1050658,0,0,0,0,0,1,0,20240521,20240621
12804_U_1042333,1,1,1,1,1,0,0,20240521,20240621
53788_S_983303,0,0,0,0,0,1,0,20240521,20240621
53788_U_1044804,1,1,1,1,1,0,0,20240521,20240621
43679_U_1016000,1,1,1,1,1,0,0,20240521,20240621
62344_U_1016010,1,1,1,1,1,0,0,20240521,20240621
74786_U_993632,1,1,1,1,1,0,0,20240521,20240621
43678_U_1016001,1,1,1,1,1,0,0,20240521,20240621
43677_U_1016002,1,1,1,1,1,0,0,20240521,20240621
76907_D_983603,0,0,0,0,0,0,1,20240521,20240621
76907_S_983386,0,0,0,0,0,1,0,20240521,20240621
34827_S_983386,0,0,0,0,0,1,0,20240521,20240621
76907_U_993651,1,1,1,1,1,0,0,20240521,20240621
55039_D_983530,0,0,0,0,0,0,1,20240521,20240621
55039_S_1050657,0,0,0,0,0,1,0,20240521,20240621
55039_U_993569,1,1,1,1,1,0,0,20240521,20240621
62346_U_1016008,1,1,1,1,1,0,0,20240521,20240621
62347_D_1021213,0,0,0,0,0,0,1,20240521,20240621
62347_S_1021125,0,0,0,0,0,1,0,20240521,20240621
26063_D_983514,0,0,0,0,0,0,1,20240521,20240621
26063_S_983285,0,0,0,0,0,1,0,20240521,20240621
26063_U_1028617,1,1,1,1,1,0,0,20240521,20240621
27372_D_983524,0,0,0,0,0,0,1,20240521,20240621
27372_S_983296,0,0,0,0,0,1,0,20240521,20240621
27372_U_1042310,1,1,1,1,1,0,0,20240521,20240621
77469_D_983523,0,0,0,0,0,0,1,20240521,20240621
77469_S_983295,0,0,0,0,0,1,0,20240521,20240621
77469_U_1042309,1,1,1,1,1,0,0,20240521,20240621
28301_D_983586,0,0,0,0,0,0,1,20240521,20240621
76637_D_983583,0,0,0,0,0,0,1,20240521,20240621
76637_S_983366,0,0,0,0,0,1,0,20240521,20240621
37717_S_983366,0,0,0,0,0,1,0,20240521,20240621
76637_U_1028636,1,1,1,1,1,0,0,20240521,20240621
76874_U_1028637,1,1,1,1,1,0,0,20240521,20240621
55037_D_983576,0,0,0,0,0,0,1,20240521,20240621
55037_S_1050668,0,0,0,0,0,1,0,20240521,20240621
55037_U_1028630,1,1,1,1,1,0,0,20240521,20240621
42989_D_983577,0,0,0,0,0,0,1,20240521,20240621
42989_S_1050669,0,0,0,0,0,1,0,20240521,20240621
42989_U_1028631,1,1,1,1,1,0,0,20240521,20240621
55038_D_983578,0,0,0,0,0,0,1,20240521,20240621
55038_S_1050673,0,0,0,0,0,1,0,20240521,20240621
55038_U_1044808,1,1,1,1,1,0,0,20240521,20240621
77475_D_983526,0,0,0,0,0,0,1,20240521,20240621
77475_S_983298,0,0,0,0,0,1,0,20240521,20240621
77475_U_1042312,1,1,1,1,1,0,0,20240521,20240621
66588_D_983527,0,0,0,0,0,0,1,20240521,20240621
66588_S_983299,0,0,0,0,0,1,0,20240521,20240621
66588_U_1042313,1,1,1,1,1,0,0,20240521,20240621
77480_S_983301,0,0,0,0,0,1,0,20240521,20240621
77480_U_1042315,1,1,1,1,1,0,0,20240521,20240621
66590_S_983302,0,0,0,0,0,1,0,20240521,20240621
66590_U_1042316,1,1,1,1,1,0,0,20240521,20240621
62003_D_983535,0,0,0,0,0,0,1,20240521,20240621
75128_D_983535,0,0,0,0,0,0,1,20240521,20240621
62003_S_983311,0,0,0,0,0,1,0,20240521,20240621
62003_U_1047365,1,1,1,1,1,0,0,20240521,20240621
62299_D_983591,0,0,0,0,0,0,1,20240521,20240621
62299_S_983374,0,0,0,0,0,1,0,20240521,20240621
62299_U_1042330,1,1,1,1,1,0,0,20240521,20240621
73946_D_983580,0,0,0,0,0,0,1,20240521,20240621
73946_S_983362,0,0,0,0,0,1,0,20240521,20240621
73946_U_1047373,1,1,1,1,1,0,0,20240521,20240621
75875_D_983508,0,0,0,0,0,0,1,20240521,20240621
75875_S_1050655,0,0,0,0,0,1,0,20240521,20240621
75875_U_1042307,1,1,1,1,1,0,0,20240521,20240621
42775_D_983567,0,0,0,0,0,0,1,20240521,20240621
42775_S_983347,0,0,0,0,0,1,0,20240521,20240621
42775_U_1047367,1,1,1,1,1,0,0,20240521,20240621
69019_D_983604,0,0,0,0,0,0,1,20240521,20240621
69019_S_983387,0,0,0,0,0,1,0,20240521,20240621
69019_U_1047378,1,1,1,1,1,0,0,20240521,20240621
66820_D_1032887,0,0,0,0,0,0,1,20240521,20240621
66820_S_983391,0,0,0,0,0,1,0,20240521,20240621
66820_U_1042332,1,1,1,1,1,0,0,20240521,20240621
77549_D_983581,0,0,0,0,0,0,1,20240521,20240621
77549_S_983363,0,0,0,0,0,1,0,20240521,20240621
77549_U_1047374,1,1,1,1,1,0,0,20240521,20240621
58629_D_983582,0,0,0,0,0,0,1,20240521,20240621
58629_S_983364,0,0,0,0,0,1,0,20240521,20240621
58629_U_1047375,1,1,1,1,1,0,0,20240521,20240621
61102_D_983509,0,0,0,0,0,0,1,20240521,20240621
61102_S_1017785,0,0,0,0,0,1,0,20240521,20240621
61102_U_1028612,1,1,1,1,1,0,0,20240521,20240621
51530_U_1047379,1,1,1,1,1,0,0,20240521,20240621
69028_U_1047380,1,1,1,1,1,0,0,20240521,20240621
47752_D_983605,0,0,0,0,0,0,1,20240521,20240621
47752_S_983388,0,0,0,0,0,1,0,20240521,20240621
47752_U_1047381,1,1,1,1,1,0,0,20240521,20240621
66591_D_1025890,0,0,0,0,0,0,1,20240521,20240621
66591_S_983338,0,0,0,0,0,1,0,20240521,20240621
66591_U_1043400,1,1,1,1,1,0,0,20240521,20240621
67328_D_983544,0,0,0,0,0,0,1,20240521,20240621
67328_S_1050660,0,0,0,0,0,1,0,20240521,20240621
67327_U_1042319,1,1,1,1,1,0,0,20240521,20240621
67328_U_1042319,1,1,1,1,1,0,0,20240521,20240621
58128_D_1025889,0,0,0,0,0,0,1,20240521,20240621
58128_S_983339,0,0,0,0,0,1,0,20240521,20240621
58128_U_1043397,1,1,1,1,1,0,0,20240521,20240621
67357_D_983549,0,0,0,0,0,0,1,20240521,20240621
67357_S_983327,0,0,0,0,0,1,0,20240521,20240621
67357_U_1042323,1,1,1,1,1,0,0,20240521,20240621
77045_D_983550,0,0,0,0,0,0,1,20240521,20240621
77045_S_983329,0,0,0,0,0,1,0,20240521,20240621
77044_U_1028625,1,1,1,1,1,0,0,20240521,20240621
77045_U_1028625,1,1,1,1,1,0,0,20240521,20240621
77822_S_983340,0,0,0,0,0,1,0,20240521,20240621
77822_U_1043401,1,1,1,1,1,0,0,20240521,20240621
77466_D_983510,0,0,0,0,0,0,1,20240521,20240621
77466_S_1017786,0,0,0,0,0,1,0,20240521,20240621
77466_U_1028613,1,1,1,1,1,0,0,20240521,20240621
77467_D_983511,0,0,0,0,0,0,1,20240521,20240621
77467_S_1017787,0,0,0,0,0,1,0,20240521,20240621
77467_U_1028614,1,1,1,1,1,0,0,20240521,20240621
53660_D_983641,0,0,0,0,0,0,1,20240521,20240621
53660_S_983418,0,0,0,0,0,1,0,20240521,20240621
53660_U_980482,1,1,1,1,1,0,0,20240521,20240621
77476_D_983642,0,0,0,0,0,0,1,20240521,20240621
77476_S_983419,0,0,0,0,0,1,0,20240521,20240621
77476_U_980483,1,1,1,1,1,0,0,20240521,20240621
53675_D_983643,0,0,0,0,0,0,1,20240521,20240621
53675_S_983420,0,0,0,0,0,1,0,20240521,20240621
53675_U_980485,1,1,1,1,1,0,0,20240521,20240621
53686_D_983562,0,0,0,0,0,0,1,20240521,20240621
53686_S_1050665,0,0,0,0,0,1,0,20240521,20240621
53686_U_1025798,1,1,1,1,1,0,0,20240521,20240621
53766_D_983507,0,0,0,0,0,0,1,20240521,20240621
53766_S_983278,0,0,0,0,0,1,0,20240521,20240621
53766_U_993557,1,1,1,1,1,0,0,20240521,20240621
62353_D_983541,0,0,0,0,0,0,1,20240521,20240621
62353_S_983317,0,0,0,0,0,1,0,20240521,20240621
62353_U_993575,1,1,1,1,1,0,0,20240521,20240621
62350_D_983545,0,0,0,0,0,0,1,20240521,20240621
62350_S_983323,0,0,0,0,0,1,0,20240521,20240621
62350_U_1010391,1,1,1,1,1,0,0,20240521,20240621
62349_D_983548,0,0,0,0,0,0,1,20240521,20240621
62349_S_983326,0,0,0,0,0,1,0,20240521,20240621
62349_U_1042322,1,1,1,1,1,0,0,20240521,20240621
54007_D_1025882,0,0,0,0,0,0,1,20240521,20240621
54007_S_983331,0,0,0,0,0,1,0,20240521,20240621
54007_U_1043388,1,1,1,1,1,0,0,20240521,20240621
54008_D_1025884,0,0,0,0,0,0,1,20240521,20240621
54008_S_983333,0,0,0,0,0,1,0,20240521,20240621
54008_U_1043390,1,1,1,1,1,0,0,20240521,20240621
54004_D_1025886,0,0,0,0,0,0,1,20240521,20240621
54004_S_983336,0,0,0,0,0,1,0,20240521,20240621
54004_U_1043395,1,1,1,1,1,0,0,20240521,20240621
54073_D_983561,0,0,0,0,0,0,1,20240521,20240621
54073_S_1050664,0,0,0,0,0,1,0,20240521,20240621
54073_U_1025797,1,1,1,1,1,0,0,20240521,20240621
54071_D_1025891,0,0,0,0,0,0,1,20240521,20240621
54071_S_983343,0,0,0,0,0,1,0,20240521,20240621
54071_U_1043404,1,1,1,1,1,0,0,20240521,20240621
54072_D_1025893,0,0,0,0,0,0,1,20240521,20240621
54072_S_983346,0,0,0,0,0,1,0,20240521,20240621
66533_S_983346,0,0,0,0,0,1,0,20240521,20240621
54072_U_1043406,1,1,1,1,1,0,0,20240521,20240621
54001_D_1025894,0,0,0,0,0,0,1,20240521,20240621
54001_S_983345,0,0,0,0,0,1,0,20240521,20240621
66531_S_983345,0,0,0,0,0,1,0,20240521,20240621
54001_U_1043407,1,1,1,1,1,0,0,20240521,20240621
54908_U_993664,1,1,1,1,1,0,0,20240521,20240621
53829_U_1016007,1,1,1,1,1,0,0,20240521,20240621
53831_U_1015999,1,1,1,1,1,0,0,20240521,20240621
77496_U_1015998,1,1,1,1,1,0,0,20240521,20240621
69547_U_1015997,1,1,1,1,1,0,0,20240521,20240621
53952_D_1025885,0,0,0,0,0,0,1,20240521,20240621
53952_S_983334,0,0,0,0,0,1,0,20240521,20240621
53952_U_1043392,1,1,1,1,1,0,0,20240521,20240621
56644_U_1043392,1,1,1,1,1,0,0,20240521,20240621
77819_D_983568,0,0,0,0,0,0,1,20240521,20240621
77819_S_983348,0,0,0,0,0,1,0,20240521,20240621
77819_U_1047368,1,1,1,1,1,0,0,20240521,20240621
53988_D_983569,0,0,0,0,0,0,1,20240521,20240621
53988_S_983349,0,0,0,0,0,1,0,20240521,20240621
53988_U_1025809,1,1,1,1,1,0,0,20240521,20240621
77522_D_983546,0,0,0,0,0,0,1,20240521,20240621
77522_S_983325,0,0,0,0,0,1,0,20240521,20240621
77522_U_1010392,1,1,1,1,1,0,0,20240521,20240621
62354_D_983547,0,0,0,0,0,0,1,20240521,20240621
62354_S_983324,0,0,0,0,0,1,0,20240521,20240621
62354_U_1010393,1,1,1,1,1,0,0,20240521,20240621
77539_D_1025888,0,0,0,0,0,0,1,20240521,20240621
77539_S_983337,0,0,0,0,0,1,0,20240521,20240621
77539_U_1043396,1,1,1,1,1,0,0,20240521,20240621
77821_D_1025892,0,0,0,0,0,0,1,20240521,20240621
77821_S_983344,0,0,0,0,0,1,0,20240521,20240621
77821_U_1043405,1,1,1,1,1,0,0,20240521,20240621
77532_D_1025883,0,0,0,0,0,0,1,20240521,20240621
77532_S_983332,0,0,0,0,0,1,0,20240521,20240621
77532_U_993595,1,1,1,1,1,0,0,20240521,20240621
77828_D_983542,0,0,0,0,0,0,1,20240521,20240621
77828_S_983318,0,0,0,0,0,1,0,20240521,20240621
77828_U_993576,1,1,1,1,1,0,0,20240521,20240621
62351_D_983543,0,0,0,0,0,0,1,20240521,20240621
62351_S_983319,0,0,0,0,0,1,0,20240521,20240621
62351_U_993577,1,1,1,1,1,0,0,20240521,20240621
77538_U_1043393,1,1,1,1,1,0,0,20240521,20240621
57017_D_1025887,0,0,0,0,0,0,1,20240521,20240621
57017_S_983335,0,0,0,0,0,1,0,20240521,20240621
57017_U_1043394,1,1,1,1,1,0,0,20240521,20240621
54328_D_983537,0,0,0,0,0,0,1,20240521,20240621
54328_S_983313,0,0,0,0,0,1,0,20240521,20240621
54328_U_993572,1,1,1,1,1,0,0,20240521,20240621
77483_D_983538,0,0,0,0,0,0,1,20240521,20240621
77483_S_983314,0,0,0,0,0,1,0,20240521,20240621
77483_U_993573,1,1,1,1,1,0,0,20240521,20240621
54331_D_983539,0,0,0,0,0,0,1,20240521,20240621
54331_S_983315,0,0,0,0,0,1,0,20240521,20240621
54331_U_993574,1,1,1,1,1,0,0,20240521,20240621
77502_S_983365,0,0,0,0,0,1,0,20240521,20240621
77502_U_1003820,1,1,1,1,1,0,0,20240521,20240621
55051_D_1021214,0,0,0,0,0,0,1,20240521,20240621
55051_S_1021126,0,0,0,0,0,1,0,20240521,20240621
77292_U_1016005,1,1,1,1,1,0,0,20240521,20240621
77293_U_1016004,1,1,1,1,1,0,0,20240521,20240621
77529_S_983328,0,0,0,0,0,1,0,20240521,20240621
77529_U_1042324,1,1,1,1,1,0,0,20240521,20240621
70495_U_1025821,1,1,1,1,1,0,0,20240521,20240621
55727_U_1043385,1,1,1,1,1,0,0,20240521,20240621
73822_U_1043424,1,1,1,1,1,0,0,20240521,20240621
57111_U_1043398,1,1,1,1,1,0,0,20240521,20240621
57112_U_1043399,1,1,1,1,1,0,0,20240521,20240621
78094_U_993571,1,1,1,1,1,0,0,20240521,20240621
57369_U_1043408,1,1,1,1,1,0,0,20240521,20240621
57608_U_993578,1,1,1,1,1,0,0,20240521,20240621
57710_U_1042336,1,1,1,1,1,0,0,20240521,20240621
78043_U_1042335,1,1,1,1,1,0,0,20240521,20240621
78045_U_1042334,1,1,1,1,1,0,0,20240521,20240621
58595_D_983512,0,0,0,0,0,0,1,20240521,20240621
58595_S_1017788,0,0,0,0,0,1,0,20240521,20240621
58595_U_1028615,1,1,1,1,1,0,0,20240521,20240621
77495_D_983606,0,0,0,0,0,0,1,20240521,20240621
77495_S_983390,0,0,0,0,0,1,0,20240521,20240621
77495_U_1047382,1,1,1,1,1,0,0,20240521,20240621
60444_D_983540,0,0,0,0,0,0,1,20240521,20240621
60444_S_983316,0,0,0,0,0,1,0,20240521,20240621
60444_U_979847,1,1,1,1,1,0,0,20240521,20240621
77491_U_979848,1,1,1,1,1,0,0,20240521,20240621
77014_U_1029565,1,1,1,1,1,0,0,20240521,20240621
76951_U_1028638,1,1,1,1,1,0,0,20240521,20240621
61280_S_1050661,0,0,0,0,0,1,0,20240521,20240621
61280_U_1042320,1,1,1,1,1,0,0,20240521,20240621
77519_S_1050662,0,0,0,0,0,1,0,20240521,20240621
77519_U_1042321,1,1,1,1,1,0,0,20240521,20240621
61388_U_1043409,1,1,1,1,1,0,0,20240521,20240621
62157_D_983551,0,0,0,0,0,0,1,20240521,20240621
62157_S_1050663,0,0,0,0,0,1,0,20240521,20240621
62157_U_1042326,1,1,1,1,1,0,0,20240521,20240621
61975_U_1043410,1,1,1,1,1,0,0,20240521,20240621
77498_D_983592,0,0,0,0,0,0,1,20240521,20240621
77498_S_983375,0,0,0,0,0,1,0,20240521,20240621
77498_U_1042331,1,1,1,1,1,0,0,20240521,20240621
77481_D_983536,0,0,0,0,0,0,1,20240521,20240621
77481_S_983312,0,0,0,0,0,1,0,20240521,20240621
77481_U_1047366,1,1,1,1,1,0,0,20240521,20240621
77494_S_983389,0,0,0,0,0,1,0,20240521,20240621
77494_U_1047383,1,1,1,1,1,0,0,20240521,20240621
77013_U_993568,1,1,1,1,1,0,0,20240521,20240621
77135_U_1025822,1,1,1,1,1,0,0,20240521,20240621
74788_U_993633,1,1,1,1,1,0,0,20240521,20240621
64273_S_983305,0,0,0,0,0,1,0,20240521,20240621
64273_U_1042318,1,1,1,1,1,0,0,20240521,20240621
64687_D_983572,0,0,0,0,0,0,1,20240521,20240621
64687_S_983352,0,0,0,0,0,1,0,20240521,20240621
64687_U_1047371,1,1,1,1,1,0,0,20240521,20240621
77536_U_1043391,1,1,1,1,1,0,0,20240521,20240621
66823_D_983517,0,0,0,0,0,0,1,20240521,20240621
66823_S_983289,0,0,0,0,0,1,0,20240521,20240621
66823_U_1033039,1,1,1,1,1,0,0,20240521,20240621
66827_D_983519,0,0,0,0,0,0,1,20240521,20240621
66827_S_983291,0,0,0,0,0,1,0,20240521,20240621
66826_U_1028620,1,1,1,1,1,0,0,20240521,20240621
66827_U_1028620,1,1,1,1,1,0,0,20240521,20240621
71590_D_983644,0,0,0,0,0,0,1,20240521,20240621
71590_S_983421,0,0,0,0,0,1,0,20240521,20240621
71590_U_1003827,1,1,1,1,1,0,0,20240521,20240621
67237_D_1021216,0,0,0,0,0,0,1,20240521,20240621
67237_S_1021128,0,0,0,0,0,1,0,20240521,20240621
67237_U_1015996,1,1,1,1,1,0,0,20240521,20240621
67236_U_1015996,1,1,1,1,1,0,0,20240521,20240621
67230_U_1015995,1,1,1,1,1,0,0,20240521,20240621
67232_U_1015994,1,1,1,1,1,0,0,20240521,20240621
67233_U_1015993,1,1,1,1,1,0,0,20240521,20240621
74054_D_983610,0,0,0,0,0,0,1,20240521,20240621
74054_S_983394,0,0,0,0,0,1,0,20240521,20240621
74054_U_1047385,1,1,1,1,1,0,0,20240521,20240621
74110_D_983611,0,0,0,0,0,0,1,20240521,20240621
74110_S_983395,0,0,0,0,0,1,0,20240521,20240621
74110_U_1047386,1,1,1,1,1,0,0,20240521,20240621
77493_D_983612,0,0,0,0,0,0,1,20240521,20240621
77493_S_983396,0,0,0,0,0,1,0,20240521,20240621
77493_U_1047387,1,1,1,1,1,0,0,20240521,20240621
68187_D_983613,0,0,0,0,0,0,1,20240521,20240621
68187_S_983397,0,0,0,0,0,1,0,20240521,20240621
68187_U_1047388,1,1,1,1,1,0,0,20240521,20240621
69300_U_1047384,1,1,1,1,1,0,0,20240521,20240621
69544_U_1016006,1,1,1,1,1,0,0,20240521,20240621
69548_U_1015992,1,1,1,1,1,0,0,20240521,20240621
78086_U_1029562,1,1,1,1,1,0,0,20240521,20240621
69643_D_983532,0,0,0,0,0,0,1,20240521,20240621
69643_S_983309,0,0,0,0,0,1,0,20240521,20240621
69643_U_1044805,1,1,1,1,1,0,0,20240521,20240621
69644_D_983575,0,0,0,0,0,0,1,20240521,20240621
69644_S_1050667,0,0,0,0,0,1,0,20240521,20240621
69644_U_1044807,1,1,1,1,1,0,0,20240521,20240621
77149_D_1025898,0,0,0,0,0,0,1,20240521,20240621
77149_S_1025248,0,0,0,0,0,1,0,20240521,20240621
77149_U_1025842,1,1,1,1,1,0,0,20240521,20240621
69648_U_1025843,1,1,1,1,1,0,0,20240521,20240621
69649_S_1025270,0,0,0,0,0,1,0,20240521,20240621
77152_U_1025844,1,1,1,1,1,0,0,20240521,20240621
77484_U_1025845,1,1,1,1,1,0,0,20240521,20240621
69653_D_983618,0,0,0,0,0,0,1,20240521,20240621
69653_S_983402,0,0,0,0,0,1,0,20240521,20240621
69652_S_983402,0,0,0,0,0,1,0,20240521,20240621
69652_U_1028639,1,1,1,1,1,0,0,20240521,20240621
69653_U_1028639,1,1,1,1,1,0,0,20240521,20240621
71447_D_983619,0,0,0,0,0,0,1,20240521,20240621
71447_S_983403,0,0,0,0,0,1,0,20240521,20240621
71447_U_993658,1,1,1,1,1,0,0,20240521,20240621
69656_D_983620,0,0,0,0,0,0,1,20240521,20240621
69656_S_983404,0,0,0,0,0,1,0,20240521,20240621
69656_U_1025848,1,1,1,1,1,0,0,20240521,20240621
77500_U_1044810,1,1,1,1,1,0,0,20240521,20240621
78054_D_983621,0,0,0,0,0,0,1,20240521,20240621
70572_D_983621,0,0,0,0,0,0,1,20240521,20240621
78054_S_983405,0,0,0,0,0,1,0,20240521,20240621
78054_U_980477,1,1,1,1,1,0,0,20240521,20240621
74542_U_980477,1,1,1,1,1,0,0,20240521,20240621
77157_D_1025899,0,0,0,0,0,0,1,20240521,20240621
70573_D_1025899,0,0,0,0,0,0,1,20240521,20240621
77157_S_1025249,0,0,0,0,0,1,0,20240521,20240621
74860_S_1025249,0,0,0,0,0,1,0,20240521,20240621
77157_U_1035044,1,1,1,1,1,0,0,20240521,20240621
77482_D_983622,0,0,0,0,0,0,1,20240521,20240621
77482_S_983406,0,0,0,0,0,1,0,20240521,20240621
77482_U_980478,1,1,1,1,1,0,0,20240521,20240621
70894_D_983623,0,0,0,0,0,0,1,20240521,20240621
70894_S_983409,0,0,0,0,0,1,0,20240521,20240621
70894_U_980479,1,1,1,1,1,0,0,20240521,20240621
77477_U_980480,1,1,1,1,1,0,0,20240521,20240621
77165_D_1025901,0,0,0,0,0,0,1,20240521,20240621
77165_S_1025250,0,0,0,0,0,1,0,20240521,20240621
77165_U_1035043,1,1,1,1,1,0,0,20240521,20240621
77167_D_1025900,0,0,0,0,0,0,1,20240521,20240621
77167_S_1025251,0,0,0,0,0,1,0,20240521,20240621
77167_U_1035045,1,1,1,1,1,0,0,20240521,20240621
77168_U_1035047,1,1,1,1,1,0,0,20240521,20240621
77820_U_1043411,1,1,1,1,1,0,0,20240521,20240621
71556_U_1042325,1,1,1,1,1,0,0,20240521,20240621
71884_U_993579,1,1,1,1,1,0,0,20240521,20240621
77550_U_1047394,1,1,1,1,1,0,0,20240521,20240621
77824_U_1010390,1,1,1,1,1,0,0,20240521,20240621
73545_U_1025828,1,1,1,1,1,0,0,20240521,20240621
73679_U_1043402,1,1,1,1,1,0,0,20240521,20240621
73834_D_1025903,0,0,0,0,0,0,1,20240521,20240621
73834_S_1025252,0,0,0,0,0,1,0,20240521,20240621
73834_U_1035050,1,1,1,1,1,0,0,20240521,20240621
77175_D_1025904,0,0,0,0,0,0,1,20240521,20240621
77175_S_1025255,0,0,0,0,0,1,0,20240521,20240621
77175_U_1035051,1,1,1,1,1,0,0,20240521,20240621
73837_D_1025905,0,0,0,0,0,0,1,20240521,20240621
73837_S_1025256,0,0,0,0,0,1,0,20240521,20240621
73837_U_1035052,1,1,1,1,1,0,0,20240521,20240621
73838_D_1025906,0,0,0,0,0,0,1,20240521,20240621
73838_S_1025257,0,0,0,0,0,1,0,20240521,20240621
73838_U_1035053,1,1,1,1,1,0,0,20240521,20240621
77176_D_1025907,0,0,0,0,0,0,1,20240521,20240621
77176_S_1025258,0,0,0,0,0,1,0,20240521,20240621
77176_U_1035061,1,1,1,1,1,0,0,20240521,20240621
77412_D_1025908,0,0,0,0,0,0,1,20240521,20240621
77412_S_1025259,0,0,0,0,0,1,0,20240521,20240621
77412_U_1035054,1,1,1,1,1,0,0,20240521,20240621
77180_D_1025909,0,0,0,0,0,0,1,20240521,20240621
77180_S_1025260,0,0,0,0,0,1,0,20240521,20240621
77180_U_1035055,1,1,1,1,1,0,0,20240521,20240621
74028_D_1025910,0,0,0,0,0,0,1,20240521,20240621
74028_S_1025261,0,0,0,0,0,1,0,20240521,20240621
74028_U_1035056,1,1,1,1,1,0,0,20240521,20240621
74040_D_1025911,0,0,0,0,0,0,1,20240521,20240621
74040_S_1025262,0,0,0,0,0,1,0,20240521,20240621
74040_U_1035062,1,1,1,1,1,0,0,20240521,20240621
74033_D_1025912,0,0,0,0,0,0,1,20240521,20240621
74033_S_1025263,0,0,0,0,0,1,0,20240521,20240621
74033_U_1035057,1,1,1,1,1,0,0,20240521,20240621
77389_D_1025913,0,0,0,0,0,0,1,20240521,20240621
77389_S_1025264,0,0,0,0,0,1,0,20240521,20240621
77389_U_1035058,1,1,1,1,1,0,0,20240521,20240621
77391_D_1025914,0,0,0,0,0,0,1,20240521,20240621
77391_S_1025265,0,0,0,0,0,1,0,20240521,20240621
77391_U_1035059,1,1,1,1,1,0,0,20240521,20240621
74046_D_1025915,0,0,0,0,0,0,1,20240521,20240621
74046_S_1025266,0,0,0,0,0,1,0,20240521,20240621
74046_U_1035060,1,1,1,1,1,0,0,20240521,20240621
74049_D_1025902,0,0,0,0,0,0,1,20240521,20240621
74049_S_1025254,0,0,0,0,0,1,0,20240521,20240621
74049_U_1035046,1,1,1,1,1,0,0,20240521,20240621
77166_S_1025253,0,0,0,0,0,1,0,20240521,20240621
77166_U_1035048,1,1,1,1,1,0,0,20240521,20240621
77485_D_983614,0,0,0,0,0,0,1,20240521,20240621
77485_S_983398,0,0,0,0,0,1,0,20240521,20240621
77485_U_1047389,1,1,1,1,1,0,0,20240521,20240621
74203_D_983615,0,0,0,0,0,0,1,20240521,20240621
74203_S_983399,0,0,0,0,0,1,0,20240521,20240621
74203_U_1047390,1,1,1,1,1,0,0,20240521,20240621
74782_D_1003785,0,0,0,0,0,0,1,20240521,20240621
77169_U_1035049,1,1,1,1,1,0,0,20240521,20240621
77392_U_1035042,1,1,1,1,1,0,0,20240521,20240621
77171_U_1025823,1,1,1,1,1,0,0,20240521,20240621
77172_U_1025824,1,1,1,1,1,0,0,20240521,20240621
